804
0
0
00 00 00 01  
00 04 11 02    
FF FF 80 81
00 FF 00 02
00 00 2F 03
2F 1F 2F 01
1F 2F 4F 5F
1F 2F 2F 1F
1F FF FF 1F
1F FF FF 1F
1F 1F 1F 1F
00 00 00 00
00 00 00 00
00 00 00 00
00 00 00 00
00 00 45 FF
FF FF A2 04
06 84 7A 5B
01 02 03 04
05 06 07 08
09 10 01 02
03 04 05 06
07 08 09 10
01 02 03 04
05 06 07 08
09 10 01 02
03 04 c0 a8
01 01 09 10
01 02 03 04
05 06 07 08
09 10 01 02
03 04 05 06
07 08 09 10
01 02 03 04
05 06 07 08
09 10 01 02
03 04 05 06
07 08 09 10
01 02 03 04
05 06 07 08
09 10 01 02
03 04 05 06
07 08 09 10
01 02 03 04
05 06 07 08
09 10 01 02
03 04 05 06
07 08 09 10
01 02 03 04
05 06 07 08
09 10 01 02
03 04 05 06
C3 F1 A2 04
06 84 7A 5B
01 02 03 04
05 06 FF FF
09 10 01 02
03 04 05 06
0F 08 09 10
01 02 03 04
05 06 0B 08
09 10 01 02
09 10 01 02
03 04 05 06
0A 08 09 10
01 02 03 04
05 06 0C 08
00 00 00 01  
00 03 62 02    
00 00 00 02
00 01 2F 02
2F 2F 2F 03
2F 1F 2F 01
1F 2F 4F 5F
1F 2F 2F 1F
1F FF FF 1F
1F FF FF 1F
1F 1F 1F 1F
00 00 00 00
00 00 00 00
00 00 00 00
00 00 00 00
00 00 45 B3
C3 F1 A2 04
06 84 7A 5B
01 02 03 04
05 06 07 08
09 10 01 02
03 04 05 06
07 08 09 10
01 02 03 04
05 06 07 08
09 10 01 02
03 04 c0 a8
01 01 09 10
01 02 03 04
05 06 07 08
09 10 01 02
03 04 05 06
07 08 09 10
01 02 03 04
05 06 07 08
09 10 01 02
03 04 05 06
07 08 09 10
01 02 03 04
05 06 07 08
09 10 01 02
03 04 05 06
07 08 09 10
01 02 03 04
05 06 07 08
09 10 01 02
03 04 05 06
07 08 09 10
01 02 03 04
05 06 07 08
09 10 01 02
03 04 05 06
C3 F1 A2 04
06 84 7A 5B
01 02 03 04
05 06 FF FF
09 10 01 02
03 04 05 06
0F 08 09 10
01 02 03 04
05 06 0B 08
09 10 01 02
09 10 01 02
03 04 05 06
0A 08 09 10
01 02 03 04
05 06 0C 08
00 00 00 01  
00 03 62 02    
00 00 00 02
00 01 2F 02
2F 2F 2F 03
2F 1F 2F 01
1F 2F 4F 5F
1F 2F 2F 1F
1F FF FF 1F
1F FF FF 1F
1F 1F 1F 1F
00 00 00 00
00 00 00 00
00 00 00 00
00 00 00 00
00 00 45 B3
C3 F1 A2 04
06 84 7A 5B
01 02 03 04
05 06 07 08
09 10 01 02
03 04 05 06
07 08 09 10
01 02 03 04
05 06 07 08
09 10 01 02
03 04 c0 a8
01 01 09 10
01 02 03 04
05 06 07 08
09 10 01 02
03 04 05 06
07 08 09 10
01 02 03 04
05 06 07 08
09 10 01 02
03 04 05 06
07 08 09 10
01 02 03 04
05 06 07 08
09 10 01 02
03 04 05 06
07 08 09 10
01 02 03 04
05 06 07 08
09 10 01 02
03 04 05 06
07 08 09 10
01 02 03 04
05 06 07 08
09 10 01 02
03 04 05 06
C3 F1 A2 04
06 84 7A 5B
01 02 03 04
05 06 FF FF
09 10 01 02
03 04 05 06
0F 08 09 10
01 02 03 04
05 06 0B 08
09 10 01 02
09 10 01 02
03 04 05 06
0A 08 09 10
01 02 03 04
05 06 FF FF